# Step: 0
0 0
0.0 2.0
0.0 3.0


# Step: 1
0 0
0.01999966666833333 1.9999000008333305
0.01999966666833333 2.9999000008333305


# Step: 11
0 0
0.2195566016743496 1.9879121959133936
0.2195566016743496 2.9879121959133936


# Step: 21
0 0
0.4169197996921992 1.9560618294482965
0.4169197996921992 2.9560618294482968


# Step: 31
0 0
0.6101172728868872 1.9046671397714268
0.6101172728868872 2.9046671397714268


# Step: 41
0 0
0.7972186559688461 1.83424164563321
0.7972186559688461 2.83424164563321


# Step: 51
0 0
0.9763544937658154 1.7454890152915024
0.9763544937658154 2.7454890152915024


# Step: 61
0 0
1.145734920200963 1.6392960356909587
1.145734920200963 2.6392960356909585


# Step: 71
0 0
1.303667542043074 1.5167237519810157
1.303667542043074 2.516723751981016


# Step: 81
0 0
1.4485743487402858 1.3789968659034932
1.4485743487402858 2.3789968659034932


# Step: 91
0 0
1.5790074793799016 1.2274914989776222
1.5790074793799016 2.2274914989776224


# Step: 101
0 0
1.693663689236031 1.0637214427487098
1.693663689236031 2.06372144274871


# Step: 111
0 0
1.791397371360096 0.8893230334834124
1.791397371360096 1.8893230334834124


# Step: 121
0 0
1.8712320031067724 0.7060388024386591
1.8712320031067724 1.706038802438659


# Step: 131
0 0
1.9323699032254686 0.5157000650653375
1.9323699032254686 1.5157000650653374


# Step: 141
0 0
1.974200202027701 0.32020862310966036
1.974200202027701 1.3202086231096604


# Step: 151
0 0
1.9963049449950965 0.12151776243876958
1.9963049449950965 1.1215177624387695


# Step: 161
0 0
1.998463268842781 -0.07838726354597764
1.998463268842781 0.9216127364540223


# Step: 171
0 0
1.9806536083123158 -0.27750906990475777
1.9806536083123158 0.7224909300952422


# Step: 181
0 0
1.94305391164463 -0.47385809736935197
1.94305391164463 0.526141902630648


# Step: 191
0 0
1.88603986258002 -0.6654724913616933
1.88603986258002 0.3345275086383067


# Step: 201
0 0
1.8101811266504009 -0.8504377041963068
1.8101811266504009 0.14956229580369318


# Step: 211
0 0
1.7162356592696189 -1.0269056246079176
1.7162356592696189 -0.026905624607917566


# Step: 221
0 0
1.6051421324934982 -1.1931130434683148
1.6051421324934982 -0.19311304346831482


# Step: 231
0 0
1.478010556118949 -1.347399271189114
1.478010556118949 -0.34739927118911407


# Step: 241
0 0
1.3361111868329931 -1.488222730783175
1.3361111868329931 -0.488222730783175


# Step: 251
0 0
1.1808618362278411 -1.6141763607922808
1.1808618362278411 -0.6141763607922808


# Step: 261
0 0
1.0138137044961268 -1.7240016741801152
1.0138137044961268 -0.7240016741801152


# Step: 271
0 0
0.8366358813513429 -1.8166013327187287
0.8366358813513429 -0.8166013327187287


# Step: 281
0 0
0.6510986690351502 -1.8910501112293814
0.6510986690351502 -0.8910501112293814


# Step: 291
0 0
0.45905589404256386 -1.9466041421266889
0.45905589404256386 -0.9466041421266889


# Step: 301
0 0
0.2624263843004081 -1.9827083478976464
0.2624263843004081 -0.9827083478976464


# Step: 311
0 0
0.06317479687295219 -1.9990019872526543
0.06317479687295219 -0.9990019872526543


# Step: 321
0 0
-0.13670801224204682 -1.9953222595332385
-0.13670801224204682 -0.9953222595332385


# Step: 331
0 0
-0.3352248800883841 -1.971705931362415
-0.3352248800883841 -0.971705931362415


# Step: 341
0 0
-0.5303922917434911 -1.9283889692847467
-0.5303922917434911 -0.9283889692847467


# Step: 351
0 0
-0.7202601989438792 -1.8658041820666293
-0.7202601989438792 -0.8658041820666293


# Step: 361
0 0
-0.9029315043227877 -1.7845768962141664
-0.9029315043227877 -0.7845768962141664


# Step: 371
0 0
-1.076581016579976 -1.6855187079174248
-1.076581016579976 -0.6855187079174248


# Step: 381
0 0
-1.239473687189868 -1.5696193738495818
-1.239473687189868 -0.5696193738495818


# Step: 391
0 0
-1.389981946432887 -1.4380369218454172
-1.389981946432887 -0.4380369218454172


# Step: 401
0 0
-1.5266019655340939 -1.2920860802699798
-1.5266019655340939 -0.29208608026997984


# Step: 411
0 0
-1.6479686824232023 -1.133225141687359
-1.6479686824232023 -0.1332251416873591


# Step: 421
0 0
-1.7528694409835592 -0.963041392083427
-1.7528694409835592 0.036958607916573016


# Step: 431
0 0
-1.8402561075112105 -0.7832352512289577
-1.8402561075112105 0.21676474877104235


# Step: 441
0 0
-1.909255543320403 -0.5956032826473611
-1.909255543320403 0.40439671735263893


# Step: 451
0 0
-1.959178328856713 -0.40202024294582167
-1.959178328856713 0.5979797570541783


# Step: 461
0 0
-1.98952565214934 -0.20442034986699192
-1.98952565214934 0.7955796501330081


# Step: 471
0 0
-1.9999942927754357 -0.004777956224674987
-1.9999942927754357 0.995222043775325


# Step: 481
0 0
-1.9904796515383365 0.19491217717685655
-1.9904796515383365 1.1949121771768565


# Step: 491
0 0
-1.9610767955881614 0.3926548125334367
-1.9610767955881614 1.3926548125334368


# Step: 501
0 0
-1.9120795085422726 0.5864741707976073
-1.9120795085422726 1.5864741707976073


# Step: 511
0 0
-1.8439773550964829 0.7744336730097549
-1.8439773550964829 1.7744336730097547


# Step: 521
0 0
-1.7574507894564433 0.9546552899549262
-1.7574507894564433 1.954655289954926


# Step: 531
0 0
-1.6533643564641494 1.1253383068099516
-1.6533643564641494 2.125338306809952


# Step: 541
0 0
-1.53275805335166 1.2847773152907198
-1.53275805335166 2.28477731529072


# Step: 551
0 0
-1.3968369384325314 1.4313792535280203
-1.3968369384325314 2.4313792535280205


# Step: 561
0 0
-1.2469590905574885 1.5636793234151434
-1.2469590905574885 2.563679323415143


# Step: 571
0 0
-1.0846220396394692 1.6803556263863664
-1.0846220396394692 2.6803556263863664


# Step: 581
0 0
-0.9114478038297518 1.7802423713904583
-0.9114478038297518 2.7802423713904583


# Step: 591
0 0
-0.7291666828487549 1.8623415230895066
-0.7291666828487549 2.8623415230895066


# Step: 601
0 0
-0.5395999694031931 1.9258327738981058
-0.5395999694031931 2.925832773898106


# Step: 611
0 0
-0.34464175143139025 1.9700817402255937
-0.34464175143139025 2.9700817402255937


# Step: 621
0 0
-0.14623998700270155 1.9946463010271895
-0.14623998700270155 2.9946463010271893


# Step: 631
0 0
0.05362295903560536 1.999281015331328
0.05362295903560536 2.999281015331328


# Step: 641
0 0
0.25295012219262214 1.983939574604715
0.25295012219262214 2.9839395746047153


# Step: 651
0 0
0.44974989134288396 1.9487752654518848
0.44974989134288396 2.948775265451885


# Step: 661
0 0
0.6420559082463961 1.8941394380261172
0.6420559082463961 2.894139438026117


# Step: 671
0 0
0.8279467147501766 1.8205779954548473
0.8279467147501766 2.8205779954548476


# Step: 681
0 0
1.0055649513629703 1.7288259393560668
1.0055649513629703 2.7288259393560668


# Step: 691
0 0
1.1731359153773258 1.6198000259451177
1.1731359153773258 2.6198000259451177


# Step: 701
0 0
1.3289852931124075 1.4945896061096264
1.3289852931124075 2.4945896061096264


# Step: 711
0 0
1.4715558891028417 1.3544457409755273
1.4715558891028417 2.3544457409755273


# Step: 721
0 0
1.5994231850810652 1.2007687017178375
1.5994231850810652 2.2007687017178377


# Step: 731
0 0
1.7113095732929722 1.0350939785139444
1.7113095732929722 2.0350939785139444


# Step: 741
0 0
1.806097121932272 0.8590769384333187
1.806097121932272 1.8590769384333186


# Step: 751
0 0
1.8828387451455586 0.6744762855569485
1.8828387451455586 1.6744762855569486


# Step: 761
0 0
1.9407676660010929 0.4831364885875114
1.9407676660010929 1.4831364885875113


# Step: 771
0 0
1.9793050778704417 0.2869693515277981
1.9793050778704417 1.286969351527798


# Step: 781
0 0
1.998065927672981 0.08793491156707495
1.998065927672981 1.087934911567075


# Step: 791
0 0
1.9968627631989968 -0.11197814496260926
1.9968627631989968 0.8880218550373907


# Step: 801
0 0
1.9757076060701995 -0.3107723528828806
1.9757076060701995 0.6892276471171195


# Step: 811
0 0
1.9348118316236547 -0.5064614261808281
1.9348118316236547 0.4935385738191719


# Step: 821
0 0
1.8745840569192866 -0.6970901043222665
1.8745840569192866 0.3029098956777335


# Step: 831
0 0
1.7956260579732861 -0.8807536885686693
1.7956260579732861 0.11924631143133069


# Step: 841
0 0
1.6987267570110771 -1.0556170730973562
1.6987267570110771 -0.055617073097356196


# Step: 851
0 0
1.5848543398172235 -1.2199330807722664
1.5848543398172235 -0.21993308077226636


# Step: 861
0 0
1.4551465819431095 -1.3720599203603627
1.4551465819431095 -0.37205992036036273


# Step: 871
0 0
1.3108994804297294 -1.5104775907669288
1.3108994804297294 -0.5104775907669288


# Step: 881
0 0
1.153554304633652 -1.6338030683840605
1.153554304633652 -0.6338030683840605


# Step: 891
0 0
0.9846831955400319 -1.740804125805391
0.9846831955400319 -0.740804125805391


# Step: 901
0 0
0.8059734574495654 -1.8304116438350129
0.8059734574495654 -0.8304116438350129


# Step: 911
0 0
0.6192106989916668 -1.9017302937730816
0.6192106989916668 -0.9017302937730816


# Step: 921
0 0
0.4262609919132875 -1.9540474832442276
0.4262609919132875 -0.9540474832442276


# Step: 931
0 0
0.22905222590686122 -1.9868404761850187
0.22905222590686122 -0.9868404761850187


# Step: 941
0 0
0.029554845773773077 -1.9997816158499129
0.029554845773773077 -0.9997816158499129


# Step: 951
0 0
-0.17023783660875347 -1.9927415986491503
-0.17023783660875347 -0.9927415986491503


# Step: 961
0 0
-0.3683295588010325 -1.965790766107481
-0.3683295588010325 -0.9657907661074809


# Step: 971
0 0
-0.5627410537953365 -1.9191984020349002
-0.5627410537953365 -0.9191984020349002


# Step: 981
0 0
-0.7515298261975784 -1.8534300419318335
-0.7515298261975784 -0.8534300419318335


# Step: 991
0 0
-0.9328095609991863 -1.769142821512301
-0.9328095609991863 -0.7691428215123011


