0.01 21.369653937376267
0.02 21.844483899325823
0.03 22.32653918123448
0.04 22.814406816802336
0.05 23.306515046602627
0.06 23.80113399871038
0.07 24.29637880797749
0.08 24.79021542719156
0.09 25.280469349306166
0.1 25.76483741319334
0.11 26.240902805675006
0.12 26.706153300264056
0.13 27.158002689107526
0.14 27.5938152708597
0.15 28.01093315620409
0.16 28.40670604784949
0.17 28.77852304710364
0.18 29.123845939189522
0.19 29.440243319271346
0.2 29.72542484573907
0.21 29.97727485147533
0.22 30.19388451185072
0.23 30.373581763430167
0.24 30.5149581920005
0.25 30.616892163297493
0.26 30.678567553881273
0.27 30.69948755051685
0.28 30.67948312012806
0.29 30.618715903511344
0.3 30.517675448045495
0.31 30.377170860462563
0.32 30.19831712295987
0.33 29.982516467369244
0.34 29.731435336265676
0.35000000000000003 29.446977571364478
0.36 29.131254554261325
0.37 28.78655308000853
0.38 28.415301769320813
0.39 28.020036821079394
0.4 27.60336787540205
0.41000000000000003 27.167944702211372
0.42 26.71642535520312
0.43 26.251446341194303
0.44 25.775595255055094
0.45 25.29138622576211
0.46 24.801238414173742
0.47000000000000003 24.307457701992902
0.48 23.81222161742441
0.49 23.317567458853745
0.5 22.82538350527369
0.51 22.337403142202767
0.52 21.855201684813302
0.53 21.380195645659896
0.54 20.913644172029056
0.55 20.456652366414357
0.56 20.01017620160888
0.5700000000000001 19.575028747912405
0.58 19.151887442445073
0.59 18.74130214804525
0.6 18.34370377030367
0.61 17.959413224677782
0.62 17.58865057023086
0.63 17.231544151412603
0.64 16.888139613680444
0.65 16.558408682060097
0.66 16.24225761352107
0.67 15.939535253998383
0.68 15.650040648844453
0.6900000000000001 15.373530171363768
0.7000000000000001 15.10972414786701
0.71 14.858312969442252
0.72 14.618962690486839
0.73 14.39132012211455
0.74 14.175017435009197
0.75 13.969676291308478
0.76 13.774911528843848
0.77 13.59033442370361
0.78 13.415555558788652
0.79 13.250187326944955
0.8 13.093846097521748
0.81 12.946154074943834
0.8200000000000001 12.806740877210697
0.8300000000000001 12.67524486124025
0.84 12.551314220743922
0.85 12.43460788092261
0.86 12.324796212768991
0.87 12.22156158819896
0.88 12.124598795653391
0.89 12.033615334242153
0.9 11.9483316029698
0.91 11.868481000105316
0.92 11.793809946349977
0.93 11.72407784412722
0.9400000000000001 11.659056984072285
0.9500000000000001 11.598532408640185
0.96 11.542301741679376
0.97 11.49017499183399
0.98 11.44197433673783
0.99 11.397533894144672
1.0 11.356699485398263
1.01 11.319328395976708
1.02 11.285289137245176
1.03 11.254461213012865
1.04 11.226734894009844
1.05 11.20201100297173
1.06 11.18020071264022
1.07 11.16122535865045
1.08 11.145016268977255
1.09 11.131514611347464
1.1 11.120671259789805
1.11 11.112446681283924
1.12 11.106810843281536
1.1300000000000001 11.103743142701958
1.1400000000000001 11.103232356847753
1.1500000000000001 11.105276616540332
1.16 11.109883401636864
1.17 11.11706955895521
1.18 11.126861342499668
1.19 11.139294475743785
1.2 11.154414235583907
1.21 11.172275557425351
1.22 11.192943160698395
1.23 11.21649169392033
1.24 11.243005898218872
1.25 11.272580788007277
1.26 11.305321847248923
1.27 11.34134523946418
1.28 11.380778029311303
1.29 11.423758413210756
1.3 11.470435956074441
1.31 11.520971830742624
1.32 11.575539056217039
1.33 11.634322730203627
1.34 11.697520250837382
1.35 11.765341521750237
1.36 11.838009133855712
1.37 11.915758516357283
1.3800000000000001 11.998838048537147
1.3900000000000001 12.087509122845802
1.4000000000000001 12.182046148688777
1.41 12.282736485095356
1.42 12.389880289156938
1.43 12.503790265744845
1.44 12.624791302566297
1.45 12.753219973105193
1.46 12.889423888437058
1.47 13.033760877327607
1.48 13.186597972449812
1.49 13.348310179021539
1.5 13.519279000719491
1.51 13.699890696419885
1.52 13.890534240217647
1.53 14.09159895636187
1.54 14.30347180030618
1.55 14.526534257113344
1.56 14.761158829092349
1.57 15.007705085916056
1.58 15.266515252714406
1.59 15.537909314919961
1.6 15.822179623126393
1.61 16.11958498707865
1.62 16.430344255318985
1.6300000000000001 16.754629386130865
1.6400000000000001 17.092558026402813
1.6500000000000001 17.444185627998785
1.6600000000000001 17.809497146252937
1.67 18.188398382330554
1.68 18.580707050367145
1.69 18.986143671375267
1.7 19.40432241864363
1.71 19.83474206336449
1.72 20.276777193983403
1.73 20.72966990757731
1.74 21.192522195565566
1.75 21.664289268203827
1.76 22.14377408139339
1.77 22.629623344004997
1.78 23.120325292699796
1.79 23.614209522607332
1.8 24.109449154676803
1.81 24.604065602637185
1.82 25.095936173069177
1.83 25.58280469020521
1.84 26.062295282268288
1.85 26.53192939852292
1.86 26.98914604649049
1.87 27.43132514846588
1.8800000000000001 27.855813817845146
1.8900000000000001 28.259955251905026
1.9000000000000001 28.641119832372787
1.9100000000000001 28.996737922811576
1.92 29.324333757376507
1.93 29.621559733913728
1.94 29.886230360614476
1.95 30.1163550640045
1.96 30.310169050684635
1.97 30.46616142859971
1.98 30.58309983701207
1.99 30.66005090756525
2.0 30.696395979991138
2.0100000000000002 30.691841621681874
2.02 30.64642464560422
2.0300000000000002 30.56051147977002
2.04 30.43479190674404
2.05 30.270267356114488
2.06 30.06823408916545
2.07 29.83026175637972
2.08 29.5581679289944
2.09 29.253989301021853
2.1 28.919950324828307
2.11 28.55843008004058
2.12 28.171928182357107
2.13 27.76303051740186
2.14 27.334375538004892
2.15 26.88862179515659
2.16 26.428417287997135
2.17 25.956371121553545
2.18 25.475027857550103
2.19 24.986844838271388
2.2 24.494172660449664
2.21 23.99923887913227
2.22 23.50413493335769
2.23 23.010806208334625
2.24 22.521045083996356
2.25 22.03648676788529
2.2600000000000002 21.558607671264593
2.27 21.088726060582083
2.2800000000000002 20.62800470094529
2.29 20.177455202835084
2.3000000000000003 19.737943786442877
2.31 19.310198188240037
2.32 18.89481545016057
2.33 18.49227035165474
2.34 18.102924267527783
2.35 17.727034258741536
2.36 17.364762228225278
2.37 17.01618399838822
2.38 16.68129819079362
2.39 16.36003481084896
2.4 16.052263461037054
2.41 15.757801124936377
2.42 15.47641948093834
2.43 15.207851719136254
2.44 14.9517988473748
2.45 14.707935483002933
2.46 14.475915135596253
2.47 14.255374992961292
2.48 14.045940228271569
2.49 13.84722785038684
2.5 13.65885012244421
2.5100000000000002 13.48041757584838
2.52 13.311541647983251
2.5300000000000002 13.151836972461975
2.54 13.00092335065667
2.5500000000000003 12.858427432717983
2.56 12.723984135409939
2.57 12.597237822934552
2.58 12.477843275578845
2.59 12.365466469546817
2.6 12.25978518979339
2.61 12.160489496098718
2.62 12.067282061044082
2.63 11.97987839700184
2.64 11.898006987751993
2.65 11.82140933890236
2.66 11.749839959928892
2.67 11.683066289374203
2.68 11.620868573550268
2.69 11.563039707986764
2.7 11.509385049849525
2.71 11.459722208622269
2.72 11.413880821495896
2.73 11.371702319139784
2.74 11.333039686834013
2.75 11.297757225315625
2.7600000000000002 11.265730315130893
2.77 11.236845187784166
2.7800000000000002 11.210998706526775
2.79 11.188098159232236
2.8000000000000003 11.168061065451186
2.81 11.150814999426792
2.82 11.136297430574118
2.83 11.124455582680708
2.84 11.115246312866521
2.85 11.108636011145062
2.86 11.104600521250607
2.87 11.103125083234879
2.88 11.104204298187097
2.89 11.107842115290342
2.9 11.11405184129158
2.91 11.1228561723288
2.92 11.134287247923606
2.93 11.14838672680766
2.94 11.165205884103505
2.95 11.184805729220857
2.96 11.207257143655072
2.97 11.23264103768156
2.98 11.261048524724483
2.99 11.292581111936359
3.0 11.327350905253084
3.0100000000000002 11.365480826881837
3.02 11.407104842833236
3.0300000000000002 11.452368197718897
3.04 11.501427653596645
3.0500000000000003 11.554451729152898
3.06 11.611620934960257
3.0700000000000003 11.673127999932813
3.08 11.73917808341739
3.09 11.809988966600798
3.1 11.885791216076928
3.11 11.96682831149915
3.12 12.053356728239898
3.13 12.145645964888558
3.14 12.24397850424007
3.15 12.348649695161512
3.16 12.459967541375732
3.17 12.578252381776549
3.18 12.703836445399336
3.19 12.837063262628302
3.2 12.978286912647478
3.21 13.127871085561996
3.22 13.286187936062912
3.23 13.453616704024014
3.24 13.63054207605331
3.25 13.817352260836877
3.2600000000000002 14.014436750181257
3.27 14.222183737068416
3.2800000000000002 14.440977161883623
3.29 14.671193358374882
3.3000000000000003 14.913197271979872
3.31 15.16733822505425
3.3200000000000003 15.433945206406943
3.33 15.713321666558029
3.34 16.005739805453633
3.35 16.311434346173485
3.36 16.63059579661952
3.37 16.96336321143459
3.38 17.309816478603715
3.39 17.669968169434576
3.4 18.043755006949148
3.41 18.431029026126737
3.42 18.83154851981918
3.43 19.244968886305358
3.44 19.67083351803575
3.45 20.108564895666
3.46 20.55745607636266
3.47 21.01666278978264
3.48 21.48519637810654
3.49 21.96191783689651
3.5 22.44553323005063
3.5100000000000002 22.934590763307583
3.52 23.42747980510932
3.5300000000000002 23.922432139627418
3.54 24.41752572293727
3.5500000000000003 24.91069118837852
3.56 25.399721310036263
3.5700000000000003 25.882283583371752
3.58 26.35593601918876
3.59 26.818146171828865
3.6 27.266313335949185
3.61 27.69779375042789
3.62 28.109928545643484
3.63 28.50007406512293
3.64 28.86563408855971
3.65 29.20409338518367
3.66 29.5130519394229
3.67 29.79025911974891
3.68 30.03364701124636
3.69 30.241362106865097
3.7 30.411794554596355
3.71 30.543604189813323
3.72 30.63574264410039
3.73 30.68747091282836
3.74 30.69837188065425
3.75 30.668357442645217
3.7600000000000002 30.597670013152538
3.77 30.486878378215557
3.7800000000000002 30.336868012901768
3.79 30.148826145208453
3.8000000000000003 29.92422199592344
3.81 29.664782752903704
3.8200000000000003 29.37246594346219
3.83 29.049428946260548
3.84 28.697996432181917
3.85 28.320626541627767
3.86 27.919876594629592
3.87 27.49836909255491
3.88 27.058758709609336
3.89 26.603700893200667
3.9 26.135822599427655
3.91 25.657695588533386
3.92 25.171812600020893
3.93 24.680566622771103
3.94 24.18623337584244
3.95 23.690957023857685
3.96 23.196739069402817
3.97 22.705430295284565
3.98 22.218725572676988
3.99 21.73816130731577
4.0 21.2651152645843
4.01 20.800808494737126
4.0200000000000005 20.34630907044901
4.03 19.902537348969272
4.04 19.470272478897215
4.05 19.050159885446725
4.0600000000000005 18.642719486558143
4.07 18.24835441396899
4.08 17.8673600371392
4.09 17.499933112673205
4.1 17.14618090669754
4.11 16.806130161818402
4.12 16.479735803245113
4.13 16.166889300019356
4.14 15.867426616767718
4.15 15.581135708841458
4.16 15.307763529063045
4.17 15.04702252757979
4.18 14.798596637605524
4.19 14.562146749228674
4.2 14.33731568112528
4.21 14.123732666102534
4.22 13.921017371083842
4.23 13.728783475603514
4.24 13.546641835275883
4.25 13.374203258199636
4.26 13.21108092300133
4.2700000000000005 13.056892467347433
4.28 12.911261775382204
4.29 12.77382049178666
4.3 12.644209289093894
4.3100000000000005 12.522078913618136
4.32 12.407091033926733
4.33 12.298918914261487
4.34 12.197247933745317
4.3500000000000005 12.101775970628905
4.36 12.012213669269773
4.37 11.928284606015787
4.38 11.849725368703785
4.39 11.776285563094175
4.4 11.707727758252268
4.41 11.643827381662144
4.42 11.584372573721176
4.43 11.529164010213497
4.44 11.478014700397276
4.45 11.430749767461112
4.46 11.387206217305677
4.47 11.347232700883634
4.48 11.31068927467937
4.49 11.27744716332511
4.5 11.247388527826548
4.51 11.220406242404273
4.5200000000000005 11.196403682541618
4.53 11.175294526460679
4.54 11.157002571920868
4.55 11.141461569944283
4.5600000000000005 11.128615076814741
4.57 11.118416325468411
4.58 11.110828117189572
4.59 11.10582273434114
4.6000000000000005 11.103381874692769
4.61 11.103496607755602
4.62 11.106167353389138
4.63 11.111403882808286
4.64 11.119225341984622
4.65 11.129660297301568
4.66 11.142746803185506
4.67 11.15853249129033
4.68 11.177074680658285
4.69 11.19844050811165
4.7 11.222707077944284
4.71 11.249961629775582
4.72 11.280301723198116
4.73 11.313835437590008
4.74 11.35068158516982
4.75 11.390969935040909
4.76 11.434841445599194
4.7700000000000005 11.482448502258315
4.78 11.533955156974429
4.79 11.589537365524063
4.8 11.649383217897823
4.8100000000000005 11.713693156514895
4.82 11.78268017623365
4.83 11.856569999327322
4.84 11.935601217706854
4.8500000000000005 12.020025393701857
4.86 12.110107109652937
4.87 12.20612395542313
4.88 12.308366441703383
4.89 12.417137825669515
4.9 12.532753834151524
4.91 12.655542268008768
4.92 12.78584246987967
4.93 12.924004635909647
4.94 13.070388950479224
4.95 13.225364521386545
4.96 13.389308091422176
4.97 13.562602500856933
4.98 13.745634874102244
4.99 13.93879450276589
5.0 14.142470396594918
5.01 14.357048473465662
5.0200000000000005 14.582908359756484
5.03 14.820419773243966
5.04 15.069938462233928
5.05 15.331801677123977
5.0600000000000005 15.606323154154719
5.07 15.893787595911046
5.08 16.194444639356234
5.09 16.508502309991457
5.1000000000000005 16.836119970294185
5.11 17.17740078204503
5.12 17.532383715617442
5.13 17.901035154848557
5.14 18.28324016374197
5.15 18.678793500907346
5.16 19.087390489153005
5.17 19.50861787073589
5.18 19.94194480302263
5.19 20.38671417415729
5.2 20.842134443030915
5.21 21.307272231495812
5.22 21.781045918280352
5.23 22.262220502191724
5.24 22.74940401555841
5.25 23.24104577597618
5.26 23.735436763751423
5.2700000000000005 24.230712402486034
5.28 24.7248579996405
5.29 25.21571707149807
5.3 25.70100273192636
5.3100000000000005 26.17831226635282
5.32 26.645144941677792
5.33 27.098923020365362
5.34 27.537015854360142
5.3500000000000005 27.956766834253408
5.36 28.3555228645239
5.37 28.730665930679578
5.38 29.07964622327283
5.39 29.400016191980654
5.4 29.689464825277234
5.41 29.945851392541456
5.42 30.167237850084383
5.43 30.351919104053906
5.44 30.498450343826413
5.45 30.605670710276762
5.46 30.6727226436089
5.47 30.69906636297508
5.48 30.684489061082587
5.49 30.629108546147542
5.5 30.533371224556618
5.51 30.398044483349622
5.5200000000000005 30.22420369475212
5.53 30.01321421824578
5.54 29.766708912460174
5.55 29.486561783913977
5.5600000000000005 29.174858488068423
5.57 28.83386445756293
5.58 28.465991461793664
5.59 28.073763401680253
5.6000000000000005 27.659782115514126
5.61 27.226693919394343
5.62 26.777157533071417
5.63 26.313813953785285
5.64 25.83925874192498
5.65 25.356017078044346
5.66 24.866521845618983
5.67 24.373094892079852
5.68 23.877931525581502
5.69 23.383088219364367
5.7 22.89047342135836
5.71 22.40184130498482
5.72 21.9187882483715
5.73 21.442751793217347
5.74 20.97501181064411
5.75 20.516693588488998
5.76 20.068772551302793
5.7700000000000005 19.63208032934767
5.78 19.20731190460981
5.79 18.795033578749194
5.8 18.395691528583242
5.8100000000000005 18.009620737853176
5.82 17.63705411851975
5.83 17.278131659718824
5.84 16.932909466992346
5.8500000000000005 16.60136857788176
5.86 16.28342346197011
5.87 15.978930133669039
5.88 15.687693824272039
5.89 15.40947617594188
5.9 15.14400193435856
5.91 14.890965128778026
5.92 14.650034738344427
5.93 14.420859851796308
5.94 14.203074334368164
5.95 13.996301020883006
5.96 13.800155457932245
5.97 13.614249220817111
5.98 13.438192832743647
5.99 13.271598314774343
6.0 13.114081395382929
6.01 12.96526340826153
6.0200000000000005 12.824772906402742
6.03 12.692247019521798
6.04 12.56733258067971
6.05 12.44968704658968
6.0600000000000005 12.33897923459608
6.07 12.234889897757974
6.08 12.137112157888094
6.09 12.045351814825711
6.1000000000000005 11.959327548683337
6.11 11.878771030321843
6.12 11.803426953890577
6.13 11.733053003928095
6.140000000000001 11.667419768261627
6.15 11.606310606772563
6.16 11.54952148501241
6.17 11.49686078065775
6.18 11.448149069882003
6.19 11.403218899892623
6.2 11.36191455313113
6.21 11.324091807955401
6.22 11.289617700014112
6.23 11.258370287977213
6.24 11.230238426798651
6.25 11.205121551253168
6.26 11.182929472103053
6.2700000000000005 11.163582186908187
6.28 11.14700970718913
6.29 11.133151903383704
6.3 11.12195836879835
6.3100000000000005 11.113388303542324
6.32 11.107410419241651
6.33 11.104002865156819
6.34 11.103153176170059
6.3500000000000005 11.104858242960903
6.36 11.109124304549427
6.37 11.115966963251656
6.38 11.125411221957798
6.390000000000001 11.137491543507874
6.4 11.152251931797892
6.41 11.169746034099132
6.42 11.190037263910558
6.43 11.213198943485596
6.44 11.239314464976548
6.45 11.268477468918395
6.46 11.300792038524884
6.47 11.336372907989691
6.48 11.375345682669096
6.49 11.41784706866628
6.5 11.46402510893558
6.51 11.514039422573477
6.5200000000000005 11.568061443456392
6.53 11.626274653818715
6.54 11.688874807732551
6.55 11.756070138748731
6.5600000000000005 11.828081545181785
6.57 11.905142745665499
6.58 11.987500396666766
6.59 12.075414162620588
6.6000000000000005 12.169156728236798
6.61 12.269013741329035
6.62 12.375283673230498
6.63 12.488277582493467
6.640000000000001 12.608318766127695
6.65 12.735742281127822
6.66 12.870894317487716
6.67 13.014131402321086
6.68 13.165819413130652
6.69 13.326332376727391
6.7 13.496051028840615
6.71 13.675361108132158
6.72 13.864651357197662
6.73 14.064311202281207
6.74 14.274728082935003
6.75 14.4962844028264
6.76 14.729354073446647
6.7700000000000005 14.974298623740577
6.78 15.231462850798165
6.79 15.501169989883902
6.8 15.783716386394378
6.8100000000000005 16.079365658000444
6.82 16.388342342420557
6.83 16.710825035153643
6.84 17.04693903222496
6.8500000000000005 17.396748505694084
6.86 17.76024825442812
6.87 18.137355089490747
6.88 18.527898932401886
6.890000000000001 18.93161372535949
6.9 19.348128275048477
6.91 19.776957175531443
6.92 20.217491980410763
6.93 20.668992819302495
6.94 21.130580677825293
6.95 21.60123058276453
6.96 22.07976595363617
6.97 22.56485439720919
6.98 23.05500523119695
6.99 23.548569025775457
7.0 24.043739445311058
7.01 24.538557656246375
7.0200000000000005 25.030919539252714
7.03 25.51858590356045
7.04 25.99919584829543
7.05 26.470283349686405
7.0600000000000005 26.92929707482177
7.07 27.373623333610176
7.08 27.800611982915207
7.09 28.20760499345669
7.1000000000000005 28.591967284716794
7.11 28.95111933010643
7.12 29.282570938848735
7.13 29.583955537453825
7.140000000000001 29.853064207262754
7.15 30.087878689909097
7.16 30.286602553545002
7.17 30.44768972212161
7.18 30.569869609406084
7.19 30.652168168743373
7.2 30.693924267194042
7.21 30.694800915350633
7.22 30.654791027121277
7.23 30.57421754110277
7.24 30.453727899985076
7.25 30.294283049408946
7.26 30.09714127549725
7.2700000000000005 29.86383734401133
7.28 29.596157527732203
7.29 29.29611120743955
7.3 28.96589980244515
7.3100000000000005 28.607883827322638
7.32 28.224548882181267
7.33 27.81847136599839
7.34 27.39228465892078
7.3500000000000005 26.948646453890845
7.36 26.490207835007276
7.37 26.019584604649964
7.38 25.539331258623292
7.390000000000001 25.05191790322572
7.4 24.55971030461029
7.41 24.064953162805814
7.42 23.569756613323996
7.43 23.076085880592473
7.44 22.585753940949267
7.45 22.100416999294367
7.46 21.621572542753118
7.47 21.150559706353093
7.48 20.688561668817954
7.49 20.236609789899596
7.5 19.795589202774735
7.51 19.366245584406656
7.5200000000000005 18.949192841894142
7.53 18.544921472241153
7.54 18.153807375339383
7.55 17.77612092406774
7.5600000000000005 17.412036120252576
7.57 17.061639689949196
7.58 16.724939995421526
7.59 16.401875663796194
7.6000000000000005 16.092323853282018
7.61 15.796108096836443
7.62 15.513005680097102
7.63 15.24275452524012
7.640000000000001 14.985059565209246
7.65 14.739598603566815
7.66 14.506027664175422
7.67 14.283985842178476
7.68 14.07309967347547
7.69 13.872987044256675
7.7 13.683260665343951
7.71 13.503531138246272
7.72 13.333409641136937
7.73 13.172510263539404
7.74 13.020452018501565
7.75 12.87686056056156
7.76 12.74136963696494
7.7700000000000005 12.613622298472936
7.78 12.493271894781046
7.79 12.37998287811094
7.8 12.273431437000465
7.8100000000000005 12.173305980740139
7.82 12.07930749332553
7.83 11.991149774240954
7.84 11.908559581882667
7.8500000000000005 11.831276693984888
7.86 11.759053898040996
7.87 11.691656923422777
7.88 11.628864325696695
7.890000000000001 11.570467332520218
7.9 11.516269659472558
7.91 11.46608730323172
7.92 11.41974831865017
7.930000000000001 11.377092585501263
7.94 11.337971569963564
7.95 11.30224808527531
7.96 11.26979605542193
7.97 11.240500285210429
7.98 11.21425623963051
7.99 11.190969834998665
8.0 11.170557244023087
8.01 11.152944716609493
8.02 11.138068417946235
8.03 11.125874285157
8.040000000000001 11.11631790358687
8.05 11.109364403588474
8.06 11.10498837849561
8.07 11.103173824308364
8.08 11.103914101462898
8.09 11.107211918917223
8.1 11.113079340648042
8.11 11.121537814519932
8.120000000000001 11.132618223353328
8.13 11.146360957878638
8.14 11.162816011117258
8.15 11.18204309357244
8.16 11.204111768440958
8.17 11.229101605866015
8.18 11.257102355039839
8.19 11.288214132726273
8.2 11.322547626505862
8.21 11.360224310743842
8.22 11.401376672940689
8.23 11.446148447740883
8.24 11.494694855443328
8.25 11.547182841371614
8.26 11.603791311918839
8.27 11.664711362475082
8.28 11.730146491770604
8.290000000000001 11.800312796419892
8.3 11.87543913862591
8.31 11.955767279096747
8.32 12.041551966234639
8.33 12.133060971578264
8.34 12.230575060312106
8.35 12.334387884402906
8.36 12.444805784585654
8.370000000000001 12.562147486006744
8.38 12.686743670849168
8.39 12.818936409728062
8.4 12.959078432073422
8.41 13.107532214135484
8.42 13.264668861689158
8.43 13.430866763017281
8.44 13.606509986367612
8.45 13.791986394865624
8.46 13.987685450895265
8.47 14.193995681317384
8.48 14.411301774677419
8.49 14.639981281871933
8.5 14.880400892723074
8.51 15.132912262690411
8.52 15.397847366683004
8.53 15.675513360783732
8.540000000000001 15.966186937833166
8.55 16.27010816941496
8.56 16.587473835008893
8.57 16.91843024909028
8.58 17.263065608893566
8.59 17.621401899527136
8.6 17.993386409183827
8.61 18.37888292532856
8.620000000000001 18.777662702872817
8.63 19.18939531727392
8.64 19.61363953891376
8.65 20.04983438956456
8.66 20.49729056663127
8.67 20.955182445392516
8.68 21.42254089269396
8.69 21.89824714635391
8.700000000000001 22.381028031637786
8.71 22.86945279813137
8.72 23.361931865690693
8.73 23.856717765339646
8.74 24.351908548546852
8.75 24.845453914910195
8.76 25.33516427283299
8.77 25.81872289958877
8.78 26.293701306031238
8.790000000000001 26.75757783751269
8.8 27.207759457429297
8.81 27.641606565090896
8.82 28.05646059798682
8.83 28.449674063431083
8.84 28.818642540147145
8.85 29.160838091256302
8.86 29.473843441344556
8.870000000000001 29.755386196831232
8.88 30.003372335515344
8.89 30.215918162104032
8.9 30.391379924978246
8.91 30.528380317452054
8.92 30.62583114491025
8.93 30.68295152644432
8.94 30.699281113301687
8.950000000000001 30.674687942420448
8.96 30.60937069600486
8.97 30.503855300935896
8.98 30.358985967602543
8.99 30.175910929092865
9.0 29.956063291488945
9.01 29.701137537875645
9.02 29.41306233731192
9.03 29.09397039152894
9.040000000000001 28.746166104189115
9.05 28.372091879474524
9.06 27.97429384945587
9.07 27.555387795420252
9.08 27.118025970565995
9.09 26.664865454524254
9.1 26.198538578887543
9.11 25.721625862357406
9.120000000000001 25.236631789205134
9.13 24.745963660038193
9.14 24.251913643380696
9.15 23.756644063600945
9.16 23.262175877762402
9.17 22.770380222752955
9.18 22.282972855512984
9.19 21.8015112636054
9.200000000000001 21.327394190429725
9.21 20.86186329829129
9.22 20.406006682157077
9.23 19.96076394589281
9.24 19.52693255958581
9.25 19.105175229685983
9.26 18.696028031653736
9.27 18.299909076198468
9.28 17.917127503771095
9.290000000000001 17.547892626648405
9.3 17.192323062799083
9.31 16.85045573000876
9.32 16.52225459188899
9.33 16.20761906898055
9.34 15.90639204789897
9.35 15.618367439191701
9.36 15.343297250209538
9.370000000000001 15.080898152848015
9.38 14.830857537554394
9.39 14.592839054635183
9.4 14.366487651780744
9.41 14.151434123009393
9.42 13.947299189094805
9.43 13.753697133150823
9.44 13.570239017575615
9.450000000000001 13.396535510163954
9.46 13.23219934803135
9.47 13.076847468193726
9.48 12.930102833334079
9.49 12.791595980571373
9.5 12.660966320021718
9.51 12.537863208688805
9.52 12.421946823808716
9.53 12.312888858261294
9.540000000000001 12.21037305909369
9.55 12.114095628620023
9.56 12.023765505994874
9.57 11.939104545631263
9.58 11.859847607363747
9.59 11.785742571857453
9.6 11.716550293442797
9.61 11.652044501319192
9.620000000000001 11.592011658921752
9.63 11.536250790183516
9.64 11.484573280451002
9.65 11.436802658920369
9.66 11.392774368651859
9.67 11.352335529487267
9.68 11.315344698534465
9.69 11.281671632289495
9.700000000000001 11.251197053935456
9.71 11.223812428883338
9.72 11.199419751197764
9.73 11.17793134317587
9.74 11.159269670014822
9.75 11.143367171208833
9.76 11.13016611005488
9.77 11.119618442413977
9.78 11.111685705667359
9.790000000000001 11.106338928620582
9.8 11.1035585629396
9.81 11.103334436547712
9.82 11.105665729267363
9.83 11.110560970852932
9.84 11.118038061426176
9.85 11.128124314192055
9.86 11.140856520175458
9.870000000000001 11.156281034576109
9.88 11.174453884185642
9.89 11.195440895144689
9.9 11.21931784013473
9.91 11.246170603895983
9.92 11.276095365734843
9.93 11.30919879742828
9.94 11.345598274643953
9.950000000000001 11.385422099669155
9.96 11.428809732874672
9.97 11.475912029926098
9.98 11.52689148129058
9.99 11.58192245006609
10.0 11.641191403578038
